AutoEncoder/AutoRec/runs/AutoRec_k=4,lr=0.01batchsize=2562023-03-21_22:20:18.619784/events.out.tfevents.1679408418.Yali-MacBook-2.local
AutoEncoder/AutoRec/runs/AutoRec_k=4,lr=0.01batchsize=2562023-03-21_22:21:22.488479/events.out.tfevents.1679408482.Yali-MacBook-2.local
AutoEncoder/AutoRec/runs/AutoRec_k=4,lr=0.01batchsize=2562023-03-21_22:23:45.624628/events.out.tfevents.1679408625.Yali-MacBook-2.local
